-1409 448 12390
-1409 448 12390 -1409 -1404 448 454 12334 12390 -1406 451 12362
-1409 448 12390
-1420 412 12357
-1420 412 12357 -1420 -1404 412 454 12334 12390 -1412 433 12362
-1420 412 12357
-1402 451 12447
-1402 451 12447 -1420 -1402 412 454 12334 12447 -1411 433 12390
-1402 451 12447
-1427 474 12440
-1427 474 12440 -1427 -1402 412 474 12334 12447 -1414 443 12390
-1404 429 12424
-1404 429 12424
-1404 434 12410
-1404 434 12410
-1411 438 12425
-1411 438 12425
-1408 459 12344
-1408 459 12344
-1422 449 12446
-1408 454 12373
-1408 454 12373
-1410 435 12435
-1410 435 12435
-1407 424 12463
-1407 424 12463 -1427 -1402 412 474 12334 12463 -1414 443 12398
-1407 424 12463
-1407 433 12324
-1407 433 12324 -1427 -1402 412 474 12324 12463 -1414 443 12393
-1407 433 12324
-1470 411 12383
-1470 411 12383 -1470 -1402 411 474 12324 12463 -1436 442 12393
-1408 437 12342
-1408 437 12342
-1425 445 12467
-1425 445 12467 -1470 -1402 411 474 12324 12467 -1436 442 12395
-1425 445 12467
-1438 464 12274
-1438 464 12274 -1470 -1402 411 474 12274 12467 -1436 442 12370
-1438 464 12274
-1417 469 12399
-1389 457 12413
-1389 457 12413 -1470 -1389 411 474 12274 12467 -1429 442 12370
-1389 457 12413
-1413 453 12359
-1413 453 12359
-1394 453 12329
-1394 453 12329
-1444 478 12352
-1444 478 12352 -1470 -1389 411 478 12274 12467 -1429 444 12370
-1444 478 12352
-1399 463 12325
-1427 455 12355
-1427 455 12355
-1417 455 12430
-1417 455 12430
-1430 462 12429
-1430 462 12429
-1445 422 12411
-1445 422 12411
-1413 428 12434
-1439 436 12392
-1439 436 12392
-1407 439 12421
-1407 439 12421
-1334 412 12389
-1334 412 12389 -1470 -1334 411 478 12274 12467 -1402 444 12370
-1334 412 12389
-1352 405 12428
-1352 405 12428 -1470 -1334 405 478 12274 12467 -1402 441 12370
-1307 381 12358
-1307 381 12358 -1470 -1307 381 478 12274 12467 -1388 429 12370
-1307 381 12358
-1277 377 12361
-1277 377 12361 -1470 -1277 377 478 12274 12467 -1373 427 12370
-1277 377 12361
-1282 400 12362
-1282 400 12362
-1356 415 12399
-1411 419 12328
-1411 419 12328
-1475 484 12373
-1475 484 12373 -1475 -1277 377 484 12274 12467 -1376 430 12370
-1475 484 12373
-1579 547 12345
-1579 547 12345 -1579 -1277 377 547 12274 12467 -1428 462 12370
-1579 547 12345
-1609 516 12393
-1609 516 12393 -1609 -1277 377 547 12274 12467 -1443 462 12370
-1609 516 12393
-1582 568 12462
-1582 568 12462 -1609 -1277 377 568 12274 12467 -1443 472 12370
-1603 516 12409
-1603 516 12409
-1548 491 12374
-1548 491 12374
-1562 478 12424
-1562 478 12424
-1553 480 12363
-1553 480 12363
-1529 434 12308
-1556 456 12284
-1556 456 12284
-1533 466 12361
-1533 466 12361
-1508 469 12369
-1508 469 12369
-1580 504 12298
-1580 504 12298
-1570 529 12457
-1570 529 12514
-1570 529 12514 -1609 -1277 377 568 12274 12514 -1443 472 12394
-1522 566 12514
-1754 800 12600
-1754 800 12600 -1754 -1277 377 800 12274 12600 -1515 588 12437
-1754 800 12600
-1900 1027 12921
-1900 1027 12921 -1900 -1277 377 1027 12274 12921 -1588 702 12597
-1900 1027 12921
-1967 1070 13052
-1967 1070 13052 -1967 -1277 377 1070 12274 13052 -1622 723 12663
-1983 1018 13082
-1983 1018 13082 -1983 -1277 377 1070 12274 13082 -1630 723 12678
-1983 1018 13082
-1961 1005 13193
-1961 1005 13193 -1983 -1277 377 1070 12274 13193 -1630 723 12733
-1961 1005 13193
-1898 984 13181
-1898 984 13181
-1861 831 13123
-1861 831 13123
-1773 681 13135
-1773 494 13148
-1773 494 13148
-1748 225 13127
-1748 225 13127 -1983 -1277 225 1070 12274 13193 -1630 647 12733
-1748 225 13127
-1773 -68 13082
-1773 -68 13082 -1983 -1277 -68 1070 12274 13193 -1630 501 12733
-1773 -68 13082
-1860 -415 13062
-1860 -415 13062 -1983 -1277 -415 1070 12274 13193 -1630 327 12733
-1860 -415 13062
-2089 -774 13145
-2089 -774 13145 -2089 -1277 -774 1070 12274 13193 -1683 148 12733
-2266 -1123 13205
-2266 -1123 13205 -2266 -1277 -1123 1070 12274 13205 -1771 -26 12739
-2266 -1123 13205
-2341 -1671 13512
-2341 -1671 13512 -2341 -1277 -1671 1070 12274 13512 -1809 -300 12893
-2341 -1671 13512
-2277 -2389 14079
-2277 -2389 14079 -2341 -1277 -2389 1070 12274 14079 -1809 -659 13176
-2277 -2389 14079
-2140 -2819 14598
-2140 -2819 14598 -2341 -1277 -2819 1070 12274 14598 -1809 -874 13436
-2140 -2819 14598
-1980 -3140 15148
-1980 -3140 15148 -2341 -1277 -3140 1070 12274 15148 -1809 -1035 13711
-1844 -3301 15775
-1844 -3301 15775 -2341 -1277 -3301 1070 12274 15775 -1809 -1115 14024
-1844 -3301 15775
-1643 -3359 16492
-1643 -3359 16492 -2341 -1277 -3359 1070 12274 16492 -1809 -1144 14383
-1643 -3359 16492
-1360 -3237 17110
-1360 -3237 17110 -2341 -1277 -3359 1070 12274 17110 -1809 -1144 14692
-1360 -3237 17110
-1224 -3034 17550
-1224 -3034 17550 -2341 -1224 -3359 1070 12274 17550 -1782 -1144 14912
-1055 -2843 17816
-1055 -2843 17816 -2341 -1055 -3359 1070 12274 17816 -1698 -1144 15045
-1055 -2843 17816
-875 -2602 18036
-875 -2602 18036 -2341 -875 -3359 1070 12274 18036 -1608 -1144 15155
-875 -2602 18036
-666 -2398 18156
-666 -2398 18156 -2341 -666 -3359 1070 12274 18156 -1503 -1144 15215
-666 -2398 18156
-649 -2183 18183
-649 -2183 18183 -2341 -649 -3359 1070 12274 18183 -1495 -1144 15228
-649 -2183 18183
-638 -2108 18273
-638 -2108 18273 -2341 -638 -3359 1070 12274 18273 -1489 -1144 15273
-637 -2013 18384
-637 -2013 18384 -2341 -637 -3359 1070 12274 18384 -1489 -1144 15329
-637 -2013 18384
-554 -2004 18283
-554 -2004 18283 -2341 -554 -3359 1070 12274 18384 -1447 -1144 15329
-554 -2004 18283
-407 -2057 18090
-407 -2057 18090 -2341 -407 -3359 1070 12274 18384 -1374 -1144 15329
-407 -2057 18090
-461 -2119 18113
-461 -2119 18113
-643 -2211 18087
-758 -2219 18122
-758 -2219 18122
-802 -2230 18072
-802 -2230 18072
-766 -2257 18037
-766 -2257 18037
-756 -2279 18029
-756 -2279 18029
-686 -2258 17927
-469 -2222 17875
-469 -2222 17875
147 -2077 17449
147 -2077 17449 -2341 147 -3359 1070 12274 18384 -1097 -1144 15329
147 -2077 17449
627 -1863 16813
627 -1863 16813 -2341 627 -3359 1070 12274 18384 -857 -1144 15329
627 -1863 16813
849 -1641 16155
849 -1641 16155 -2341 849 -3359 1070 12274 18384 -746 -1144 15329
952 -1436 15759
952 -1436 15759 -2341 952 -3359 1070 12274 18384 -694 -1144 15329
952 -1436 15759
962 -1155 15065
962 -1155 15065 -2341 962 -3359 1070 12274 18384 -689 -1144 15329
962 -1155 15065
749 -845 14499
749 -845 14499
541 -769 14083
541 -769 14083
273 -676 13772
97 -566 13648
97 -566 13648
23 -480 13559
23 -480 13559
-95 -369 13430
-95 -369 13430
-161 -528 13452
-161 -528 13452
-253 -960 13376
-425 -1541 13497
-425 -1541 13497
-564 -1749 13545
-564 -1749 13545
-596 -2019 13692
-596 -2019 13692
-597 -1854 13520
-682 -1848 13537
-682 -1848 13537
-937 -1955 13461
-937 -1955 13461
-1241 -2094 13574
-1241 -2094 13574
-1713 -2309 13765
-1713 -2309 13765
-2138 -2578 14192
-2430 -2768 14577
-2430 -2768 14577 -2430 962 -3359 1070 12274 18384 -734 -1144 15329
-2430 -2768 14577
-2490 -2980 15125
-2490 -2980 15125 -2490 962 -3359 1070 12274 18384 -764 -1144 15329
-2490 -2980 15125
-2805 -2938 15523
-2805 -2938 15523 -2805 962 -3359 1070 12274 18384 -921 -1144 15329
-2805 -2938 15523
-3158 -2822 15792
-3158 -2822 15792 -3158 962 -3359 1070 12274 18384 -1098 -1144 15329
-3158 -2822 15792
-3490 -2637 16206
-3490 -2637 16206 -3490 962 -3359 1070 12274 18384 -1264 -1144 15329
-3647 -2442 16566
-3647 -2442 16566 -3647 962 -3359 1070 12274 18384 -1342 -1144 15329
-3647 -2442 16566
-3709 -2198 17265
-3709 -2198 17265 -3709 962 -3359 1070 12274 18384 -1373 -1144 15329
-3709 -2198 17265
-3673 -1902 17992
-3673 -1902 17992
-3644 -1570 18229
-3644 -1570 18229
-3618 -1306 18423
-3618 -1306 18423 -3709 962 -3359 1070 12274 18423 -1373 -1144 15348
-3757 -775 18421
-3757 -775 18421 -3757 962 -3359 1070 12274 18423 -1397 -1144 15348
-3757 -775 18421
-3802 -603 18472
-3802 -603 18472 -3802 962 -3359 1070 12274 18472 -1420 -1144 15373
-3802 -603 18472
-3769 -452 18514
-3769 -452 18514 -3802 962 -3359 1070 12274 18514 -1420 -1144 15394
-3769 -452 18514
-3748 -91 18444
-3764 82 18424
-3764 82 18424
-3787 299 18250
-3787 299 18250
-3862 415 18121
-3862 415 18121 -3862 962 -3359 1070 12274 18514 -1450 -1144 15394
-3862 415 18121
-3865 581 17999
-3865 581 17999 -3865 962 -3359 1070 12274 18514 -1451 -1144 15394
-3865 581 17999
-3868 752 17789
-3868 752 17789 -3868 962 -3359 1070 12274 18514 -1453 -1144 15394
-3856 995 17517
-3856 995 17517
-3905 1080 17230
-3905 1080 17230 -3905 962 -3359 1080 12274 18514 -1471 -1139 15394
-3905 1080 17230
-3869 1236 16576
-3869 1236 16576 -3905 962 -3359 1236 12274 18514 -1471 -1061 15394
-3869 1236 16576
-3735 1357 16143
-3735 1357 16143 -3905 962 -3359 1357 12274 18514 -1471 -1001 15394
-3434 1453 15485
-3434 1453 15485 -3905 962 -3359 1453 12274 18514 -1471 -953 15394
-3434 1453 15485
-3209 1478 15002
-3209 1478 15002 -3905 962 -3359 1478 12274 18514 -1471 -940 15394
-3209 1478 15002
-3025 1436 14686
-3025 1436 14686
-2951 1288 14397
-2951 1288 14397
-2792 1223 14278
-2696 1013 14070
-2696 1013 14070
-2496 887 13770
-2496 887 13770
-2268 330 13361
-2268 330 13361
-1958 -567 13069
-1958 -567 13069
-1572 -1546 13217
-1572 -1546 13217
-1250 -2349 13764
-1228 -2951 14620
-1228 -2951 14620
-1353 -3310 15747
-1353 -3310 15747
-1601 -3261 16840
-1601 -3261 16840
-1800 -3052 17519
-1800 -3052 17519
-2054 -2727 18034
-2177 -2275 18550
-2177 -2275 18550 -3905 962 -3359 1478 12274 18550 -1471 -940 15412
-2177 -2275 18550
-2311 -1843 18784
-2311 -1843 18784 -3905 962 -3359 1478 12274 18784 -1471 -940 15529
-2311 -1843 18784
-2314 -1659 18904
-2314 -1659 18904 -3905 962 -3359 1478 12274 18904 -1471 -940 15589
-2314 -1659 18904
-2667 -1301 19095
-2667 -1301 19095 -3905 962 -3359 1478 12274 19095 -1471 -940 15684
-2854 -1145 18987
-2854 -1145 18987
-2967 -966 18885
-2967 -966 18885
-3383 -684 18758
-3383 -684 18758
-3639 -559 18534
-3639 -559 18534
-3917 -376 18213
-3917 -376 18213 -3917 962 -3359 1478 12274 19095 -1477 -940 15684
-4110 -44 17802
-4110 -44 17802 -4110 962 -3359 1478 12274 19095 -1574 -940 15684
-4110 -44 17802
-4182 505 17187
-4182 505 17187 -4182 962 -3359 1478 12274 19095 -1610 -940 15684
-4182 505 17187
-4040 898 16517
-4040 898 16517
-3789 1226 16738
-3789 1226 16738
-3433 1511 17078
-3433 1511 17078 -4182 962 -3359 1511 12274 19095 -1610 -924 15684
-3085 1761 16977
-3085 1761 16977 -4182 962 -3359 1761 12274 19095 -1610 -799 15684
-3085 1761 16977
-2607 1978 16629
-2607 1978 16629 -4182 962 -3359 1978 12274 19095 -1610 -690 15684
-2607 1978 16629
-2163 2062 15950
-2163 2062 15950 -4182 962 -3359 2062 12274 19095 -1610 -648 15684
-2163 2062 15950
-1689 1963 15407
-1689 1963 15407
-1260 1767 14977
-1052 1568 14939
-1052 1568 14939
-787 1490 14920
-787 1490 14920
-500 1315 14858
-500 1315 14858
-411 1197 14772
-411 1197 14772
-384 1012 14473
-450 895 14341
-450 895 14341
-402 862 14276
-402 862 14276
-331 743 14306
-331 743 14306
-196 388 14044
-196 388 14044
-210 124 13720
-203 -114 13756
-203 -114 13756
-220 -415 13648
-220 -415 13648
-171 -919 13661
-171 -919 13661
-150 -1496 13846
-150 -1496 13846
-154 -1989 13988
-219 -2264 14269
-219 -2264 14269
-303 -2422 14462
-303 -2422 14462
-453 -2607 14531
-453 -2607 14531
-1054 -2947 14860
-1054 -2947 14860
-1797 -3138 15274
-2210 -3133 15572
-2210 -3133 15572
-2326 -3132 15762
-2326 -3132 15762
-2252 -3159 15923
-2252 -3159 15923
-2211 -3157 16084
-2211 -3157 16084
-2335 -3121 16266
-2526 -3047 16736
-2526 -3047 16736
-2641 -2817 17263
-2641 -2817 17263
-2804 -2471 17925
-2804 -2471 17925
-2951 -1866 18510
-2951 -1866 18510
-2967 -893 19064
-2816 23 19071
-2816 23 19071
-2534 796 18837
-2534 796 18837
-2200 1372 18532
-2200 1372 18532
-1797 1677 18066
-1797 1677 18066
-1701 1811 17673
-1878 1935 17630
-1878 1935 17630
-2457 1959 17182
-2457 1959 17182
-3110 1764 17248
-3110 1764 17248
-3647 1370 17315
-3647 1370 17315
-4108 694 17244
-4372 -65 17058
-4372 -65 17058 -4372 962 -3359 2062 12274 19095 -1705 -648 15684
-4372 -65 17058
-4396 -742 16921
-4396 -742 16921 -4396 962 -3359 2062 12274 19095 -1717 -648 15684
-4396 -742 16921
-4248 -1383 16617
-4248 -1383 16617
-4007 -1802 16243
-4007 -1802 16243
-3678 -2240 15943
-3165 -2490 15207
-3165 -2490 15207
-2642 -2512 14655
-2642 -2512 14655
-2223 -2406 14270
-2223 -2406 14270
-1876 -2254 13906
-1468 -1819 13506
-1468 -1819 13506
-1134 -1302 13196
-1134 -1302 13196
-923 -941 13100
-923 -941 13100
-933 -487 13069
-933 -487 13069
-1032 124 13217
-1240 793 13524
-1240 793 13524
-1494 1097 13707
-1494 1097 13707
-1778 1314 13963
-1778 1314 13963
-2228 1390 14124
-2228 1390 14124
-2647 1184 14230
-2919 957 14218
-2919 957 14218
-2990 736 14171
-2990 736 14171
-3014 717 14120
-3014 717 14120
-3240 375 14156
-3240 375 14156
-3310 326 14237
-3335 142 14157
-3335 142 14157
-3313 51 14082
-3313 51 14082
-3344 -366 14080
-3344 -366 14080
-3289 -704 14063
-3289 -704 14063
-3068 -882 13810
-3068 -882 13810
-2922 -1216 13905
-2841 -1317 13777
-2841 -1317 13777
-2711 -1489 13744
-2711 -1489 13744
-2583 -1577 13745
-2583 -1577 13745
-2489 -1633 13655
-2489 -1633 13655
-2255 -1675 13526
-1943 -1763 13426
-1943 -1763 13426
-1733 -1823 13500
-1733 -1823 13500
-1600 -1824 13511
-1600 -1824 13511
-1391 -1913 13446
-1391 -1913 13446
-1179 -1937 13472
-921 -1842 13462
-921 -1842 13462
-693 -1649 13465
-693 -1649 13465
-543 -1528 13342
-543 -1528 13342
-453 -1415 13452
-453 -1415 13452
-430 -1273 13402
-385 -1226 13374
-385 -1226 13374
-436 -1237 13318
-436 -1237 13318
-505 -1290 13262
-505 -1290 13262
-564 -1349 13342
-564 -1349 13342
-471 -1352 13296
-389 -1213 13274
-389 -1213 13274
-344 -1061 13306
-344 -1061 13306
-305 -717 13199
-305 -717 13199
-387 -554 13267
-387 -554 13267
-579 -330 13095
-579 -330 13095
-760 -278 13167
-892 -422 13147
-892 -422 13147
-975 -538 13047
-975 -538 13047
-1180 -638 13092
-1180 -638 13092
-1363 -782 13068
-1363 -782 13068
-1595 -882 13150
-1718 -1185 13228
-1718 -1185 13228
-1889 -1686 13409
-1889 -1686 13409
-2094 -2170 13721
-2094 -2170 13721
-2286 -2553 14335
-2286 -2553 14335
-2400 -2886 14879
-2457 -3034 15508
-2457 -3034 15508
-2432 -3120 15971
-2432 -3120 15971
-2373 -3116 16627
-2373 -3116 16627
-2414 -2986 17001
-2414 -2986 17001
-2428 -2844 17508
-2542 -2651 17710
-2542 -2651 17710
-2611 -2482 18030
-2611 -2482 18030
-2721 -2290 18231
-2721 -2290 18231
-2842 -1972 18421
-2842 -1972 18421
-2946 -1686 18680
-3131 -1400 18594
-3131 -1400 18594
-3285 -1169 18688
-3285 -1169 18688
-3483 -731 18634
-3483 -731 18634
-3598 -381 18552
-3598 -381 18552
-3720 -105 18365
-3725 179 18346
-3725 179 18346
-3774 491 18170
-3774 491 18170
-3820 694 17847
-3820 694 17847
-3775 904 17661
-3775 904 17661
-3702 1053 17516
-3702 1053 17516
-3639 1207 17457
-3581 1405 17108
-3581 1405 17108
-3466 1531 16707
-3466 1531 16707
-3334 1649 16169
-3334 1649 16169
-3134 1610 15369
-2884 1388 14702
-2884 1388 14702
-2618 1235 14218
-2618 1235 14218
-2360 968 13816
-2360 968 13816
-2130 586 13499
-2130 586 13499
-1877 134 13216
-1383 -138 13070
-1383 -138 13070
-882 -404 13111
-882 -404 13111
-474 -387 13119
-474 -387 13119
-135 -331 13400
-135 -331 13400
7 -277 13487
229 -275 13736
229 -275 13736
408 -377 13769
408 -377 13769
520 -289 13907
520 -289 13907
547 -104 13943
547 -104 13943
493 -78 13957
388 97 13918
388 97 13918
340 226 14131
340 226 14131
545 256 14331
545 256 14331
623 375 14529
623 375 14529
663 476 14686
593 613 14842
593 613 14842
609 740 15054
609 740 15054
581 799 15139
581 799 15139
487 1006 15408
487 1006 15408
337 1142 15518
116 1347 15676
116 1347 15676
-84 1494 15659
-84 1494 15659
-397 1685 15624
-397 1685 15624
-760 1838 15579
-760 1838 15579
-1138 1859 15377
-1729 1796 14942
-1729 1796 14942
-2209 1534 14533
-2209 1534 14533
-2426 1150 14109
-2426 1150 14109
-2589 731 13830
-2589 731 13830
-2563 285 13621
-2549 -158 13372
-2549 -158 13372
-2544 -505 13400
-2544 -505 13400
-2574 -840 13478
-2574 -840 13478
-2555 -1217 13515
-2555 -1217 13515
-2548 -1565 13680
-2652 -1713 13809
-2652 -1713 13809
-2713 -1899 13959
-2713 -1899 13959
-2736 -1949 14065
-2736 -1949 14065
-2919 -2024 14194
-2919 -2024 14194
-3152 -2373 15015
-3347 -2403 15522
-3347 -2403 15522
-3486 -2445 16086
-3486 -2445 16086
-3576 -2374 16623
-3576 -2374 16623
-3505 -2338 17139
-3505 -2338 17139
-3421 -2142 17535
-3286 -1982 18087
-3286 -1982 18087
-3036 -1596 18593
-3036 -1596 18593
-2901 -1398 18780
-2901 -1398 18780
-2945 -1014 18906
-2945 -1014 18906
-3067 -747 18859
-3226 -567 18873
-3226 -567 18873
-3403 -571 18734
-3403 -571 18734
-3688 -126 18367
-3688 -126 18367
-3981 187 17992
-3981 187 17992
-4132 466 17493
-4213 524 16940
-4213 524 16940
-4193 675 16420
-4193 675 16420
-4077 817 15841
-4077 817 15841
-3760 974 15277
-3760 974 15277
-3333 1098 14717
-2885 1125 14236
-2885 1125 14236
-2296 1010 13761
-2296 1010 13761
-1752 872 13591
-1752 872 13591
-1247 776 13414
-1247 520 13639
-747 661 13639
-418 721 13816
-418 721 13816
-68 650 13852
-68 650 13852
226 451 14078
226 451 14078
460 267 14152
460 267 14152
567 108 14300
631 87 14276
631 87 14276
643 -42 14328
643 -42 14328
655 -290 14212
655 -290 14212
694 -690 14258
694 -690 14258
786 -1154 14362
827 -1462 14640
827 -1462 14640
826 -1603 14894
826 -1603 14894
879 -1511 14810
879 -1511 14810
887 -1549 14801
873 -1614 15036
873 -1614 15036
850 -1767 15193
850 -1767 15193
813 -1883 15501
813 -1883 15501
858 -1828 15710
858 -1828 15710
903 -1698 16067
909 -1552 16373
909 -1552 16373
865 -1438 16736
865 -1438 16736
810 -1321 16920
810 -1321 16920
845 -1219 16975
699 -914 17299
699 -914 17299
601 -707 17390
601 -707 17390
618 -604 17330
618 -604 17330
686 -451 17253
686 -451 17253
667 -388 17298
667 -388 17298
541 43 17397
495 212 17419
495 212 17419
451 558 17145
451 558 17145
408 829 16825
408 829 16825
415 983 16441
415 983 16441
477 961 16116
598 907 15662
598 907 15662
628 790 15399
628 790 15399
675 747 15387
675 747 15387
728 717 15256
744 542 14983
744 542 14983
723 367 14722
723 367 14722
730 341 14735
730 341 14735
777 148 14587
777 148 14587
788 -89 14404
823 -378 14367
823 -378 14367
903 -767 14397
903 -767 14397
867 -1122 14656
867 -1122 14656
908 -1402 14881
908 -1402 14881
883 -1522 14994
876 -1687 15246
876 -1687 15246
902 -1668 15583
902 -1668 15583
970 -1500 15983
970 -1500 15983 -4396 970 -3359 2062 12274 19095 -1713 -648 15684
970 -1500 15983
1035 -1147 16161
1035 -1147 16161 -4396 1035 -3359 2062 12274 19095 -1680 -648 15684
1035 -1147 16161
1029 -952 16493
965 -999 16534
965 -999 16534
950 -932 16543
950 -932 16543
914 -831 16823
914 -831 16823
850 -826 16977
850 -826 16977
770 -750 17051
750 -483 17080
750 -483 17080
641 -100 17083
641 -100 17083
666 286 16855
666 286 16855
578 591 16580
578 591 16580
615 781 16213
432 983 15798
432 983 15798
370 1019 15365
370 1019 15365
383 916 15109
383 916 15109
441 684 14738
441 684 14738
417 413 14445
391 175 14184
391 175 14184
363 -57 14020
363 -57 14020
292 -237 13816
292 -237 13816
240 -422 13819
240 -422 13819
114 -561 13684
-160 -808 13507
-160 -808 13507
-396 -1261 13523
-396 -1261 13523
-577 -1554 13550
-577 -1554 13550
-904 -1952 13708
-904 -1952 13708
-1338 -2421 14086
-1777 -2798 14639
-1777 -2798 14639
-2068 -2949 15111
-2068 -2949 15111
-2299 -2948 15112
-2299 -2948 15112
-2428 -2769 14848
-2428 -2769 14848
-2720 -2781 15189
-3170 -2742 15946
-3170 -2742 15946
-3291 -2639 16453
-3291 -2639 16453
-3301 -2596 16893
-3301 -2596 16893
-3388 -2405 17417
-3388 -2405 17417
-3541 -2023 17741
-3541 -2023 17741
-3721 -1667 17853
-3963 -1125 17929
-3963 -1125 17929
-4171 -613 17869
-4171 -613 17869
-4271 -185 17463
-4271 -185 17463
-4320 173 17096
-4320 173 17096
-4340 430 16568
-4287 518 16219
-4287 518 16219
-4143 611 15844
-4143 611 15844
-4064 562 15371
-4064 562 15371
-3839 347 14861
-3725 28 14506
-3725 28 14506
-3698 -345 14473
-3698 -345 14473
-3715 -462 14464
-3715 -462 14464
-3819 -700 14558
-3819 -700 14558
-3730 -1117 14587
-3536 -1518 14615
-3536 -1518 14615
-3372 -1929 14675
-3372 -1929 14675
-3516 -1962 14992
-3516 -1962 14992
-3582 -2085 15402
-3582 -2085 15402
-3648 -2231 15729
-3648 -2231 15729
-3654 -2254 16265
-3684 -2216 16875
-3684 -2216 16875
-3507 -2229 17247
-3507 -2229 17247
-3273 -2287 17663
-3273 -2287 17663
-2869 -2314 17932
-2869 -2314 17932
-2539 -2394 18003
-2194 -2432 18139
-2194 -2432 18139
-1867 -2392 18281
-1867 -2392 18281
-1159 -2109 18484
-1159 -2109 18484
-851 -2004 18356
-851 -2004 18356
-548 -1770 18404
-572 -1751 18395
-572 -1751 18395
-471 -1429 18563
-471 -1429 18563
-494 -914 18601
-494 -914 18601
-578 -253 18663
-578 -253 18663
-780 571 18502
-768 1070 18051
-768 1070 18051
-680 1401 17454
-680 1401 17454
-456 1601 16675
-456 1601 16675
-488 1672 15680
-488 1672 15680
-577 1595 14916
-577 1595 14916
-749 1321 14224
-937 924 13701
-937 924 13701
-1321 471 13422
-1321 471 13422
-1659 61 13333
-1659 61 13333
-1960 -277 13291
-1960 -277 13547
-2344 -520 13320
-2665 -635 13602
-2665 -635 13602
-2893 -751 13750
-2893 -751 13750
-3026 -866 13834
-3026 -866 13834
-3149 -845 13947
-3235 -1127 14040
-3235 -1127 14040
-3203 -1353 14176
-3203 -1353 14176
-3185 -1547 14168
-3185 -1547 14168
-3082 -1914 14408
-3082 -1914 14408
-2898 -2281 14586
-2604 -2707 14905
-2604 -2707 14905
-2039 -2982 15074
-2039 -2982 15074
-1449 -3027 15072
-1449 -3027 15072
-944 -2861 14725
-944 -2861 14725
-661 -2702 14455
-395 -2590 14373
-395 -2590 14373
-303 -2508 14397
-303 -2508 14397
-112 -2506 14424
-112 -2506 14424
-116 -2449 14516
-116 -2449 14516
-72 -2573 14665
-44 -2680 15061
-44 -2680 15061
-196 -2647 14855
-196 -2647 14855
-384 -2618 14668
-384 -2618 14668
-529 -2596 14504
-529 -2596 14504
-840 -2378 14096
-1021 -2100 13795
-1021 -2100 13795
-1072 -1940 13642
-1072 -1940 13642
-1092 -1706 13530
-1092 -1706 13530
-1038 -1372 13410
-1038 -1372 13410
-989 -1010 13265
-940 -448 13283
-940 -448 13283
-860 -70 13277
-860 -70 13277
-1039 208 13254
-1039 208 13254
-1223 486 13471
-1223 486 13471
-1348 913 13659
-1429 1170 13825
-1429 1170 13825
-1446 1329 14053
-1446 1329 14053
-1644 1482 14277
-1644 1482 14277
-1903 1577 14443
-1903 1577 14443
-2379 1740 14935
-2739 1753 15289
-2739 1753 15289
-3096 1676 15547
-3096 1676 15547
-3319 1585 15673
-3319 1585 15673
-3559 1428 15913
-3559 1428 15913
-3761 1280 16151
-3851 1209 16466
-3851 1209 16466
-3703 1344 16818
-3703 1344 16818
-3603 1337 17135
-3603 1337 17135
-3617 1280 17372
-3617 1280 17372
-3622 1002 17748
-3650 813 17878
-3650 813 17878
-3602 689 18156
-3602 689 18156
-3508 490 18262
-3508 490 18262
-3400 347 18477
-3400 347 18477
-3136 301 18694
-2888 77 18927
-2888 77 18927
-2601 -139 19069
-2601 -139 19069
-2316 -506 19196
-2316 -506 19196 -4396 1035 -3359 2062 12274 19196 -1680 -648 15735
-2316 -506 19196
-1971 -1030 19169
-1971 -1030 19169
-1494 -1655 18862
-1360 -2104 18583
-1360 -2104 18583
-1580 -2539 18161
-1580 -2539 18161
-1796 -2822 17845
-1796 -2822 17845
-2006 -2978 17397
-2006 -2978 17397
-2223 -3016 17039
-2435 -2980 17008
-2435 -2980 17008
-2661 -2922 16943
-2661 -2922 16943
-2725 -2841 17108
-2725 -2841 17108
-2842 -2673 17325
-2842 -2673 17325
-3139 -2495 17383
-3544 -2121 17592
-3544 -2121 17592
-3526 -1947 17682
-3526 -1947 17682
-3578 -1638 18001
-3578 -1638 18001
-3508 -1234 18330
-3508 -1234 18330
-3471 -677 18544
-3336 -176 18670
-3336 -176 18670
-3101 208 18685
-3101 208 18685
-2793 669 18707
-2793 669 18707
-2358 1064 18427
-1909 1244 18207
-1909 1244 18207
-1600 1242 18206
-1600 1242 18206
-1466 1155 18303
-1466 1155 18303
-1197 1110 18253
-1197 1110 18253
-862 1024 18179
-862 1024 17923
-617 943 18120
-517 800 18115
-517 800 18115
-324 659 18082
-324 659 18082
-162 464 18043
-162 464 18043
7 279 17953
7 279 17953
134 43 17960
169 -167 17992
169 -167 17992
180 -294 17978
180 -294 17978
131 -157 18044
131 -157 18044
-15 31 18053
-15 31 18053
-297 224 18269
-730 662 18335
-730 662 18335
-1197 975 18373
-1197 975 18373
-1478 1119 18406
-1478 1119 18406
-1827 1380 18136
-1827 1380 18136
-2345 1632 17754
-2755 1748 17260
-2755 1748 17260
-3022 1764 16728
-3022 1764 16728
-3266 1639 16076
-3266 1639 16076
-3513 1248 15387
-3513 1248 15387
-3635 719 14750
-3620 57 14441
-3620 57 14441
-3489 -566 14126
-3489 -566 14126
-3082 -1274 13930
-3082 -1274 13930
-2721 -1738 13878
-2721 -1738 13878
-2387 -2178 14032
-2225 -2574 14332
-2225 -2574 14332
-2212 -2727 14681
-2212 -2727 14681
-2368 -2842 15113
-2368 -2842 15113
-2774 -2866 15805
-2774 -2866 15805
-2978 -2739 16598
-3277 -2320 17355
-3277 -2320 17355
-3306 -1978 17967
-3306 -1978 17967
-3240 -1553 18308
-3240 -1553 18308
-3208 -1131 18536
-3208 -1131 18536
-3096 -754 18736
-3105 -228 18670
-3105 -228 18670
-3232 176 18521
-3232 176 18521
-3393 299 18369
-3393 299 18369
-3488 472 18168
-3488 472 18168
-3617 548 17960
-3745 727 17728
-3745 727 17728
-3789 980 17367
-3789 980 17367
-3741 1055 17090
-3741 1055 17090
-3818 1076 16995
-3818 1076 16995
-3809 1074 16965
-3779 1050 17040
-3779 1050 17040
-3755 1095 17008
-3755 1095 17008
-3849 1059 16667
-3849 1059 16667
-4014 843 16270
-4109 610 15894
-4109 610 15894
-4110 385 15583
-4110 385 15583
-4061 252 15335
-4061 252 15335
-3991 -130 15027
-3991 -130 15027
-3986 -361 14931
-3931 -805 14874
-3931 -805 14874
-3819 -977 14725
-3819 -977 14725
-3725 -1195 14650
-3725 -1195 14650
-3648 -1405 14604
-3648 -1405 14604
-3502 -1777 14814
-3502 -1777 14814
-3373 -2036 14980
-3285 -2382 15434
-3285 -2382 15434
-3064 -2681 15830
-3064 -2681 15830
-2719 -2917 16186
-2719 -2917 16186
-2443 -3052 16334
-2443 -3052 16334
-2110 -3149 16528
-1769 -3194 16418
-1769 -3194 16418
-1256 -3183 16325
-1256 -3183 16325
-725 -3075 16053
-725 -3075 16053
-244 -2892 15973
-244 -2892 15973
170 -2611 15731
448 -2319 15443
448 -2319 15443
585 -2047 15159
585 -2047 15159
691 -1705 14835
691 -1705 14835
719 -1507 14785
719 -1507 14785
795 -1231 14644
642 -1161 14306
642 -1161 14306
507 -1053 14177
507 -1053 14177
273 -965 13851
273 -965 13851
52 -982 13602
52 -982 13602
-31 -984 13559
-31 -984 13559
-178 -1032 13447
-419 -1038 13348
-419 -1038 13348
-474 -1161 13350
-474 -1161 13350
-618 -1358 13345
-618 -1358 13345
-770 -1647 13411
-722 -1919 13641
-722 -1919 13641
-449 -2341 14200
-449 -2341 14200
-322 -2546 14526
-322 -2546 14526
-444 -2691 14729
-444 -2691 14729
-357 -2771 14922
-177 -2788 15348
-177 -2788 15348
-123 -2796 16143
-123 -2796 16143
-133 -2770 16585
-133 -2770 16585
114 -2477 17024
114 -2477 17024
219 -2145 17383
288 -1456 17813
288 -1456 17813
416 -853 17761
416 -853 17761
488 -269 17470
488 -269 17470
554 218 16982
554 218 16982
663 491 16490
640 598 16015
640 598 16015
613 668 15454
613 668 15454
369 716 14714
369 716 14714
261 554 14241
261 554 14241
134 138 13874
106 -213 13648
106 -213 13648
-52 -851 13475
-52 -851 13475
-244 -1273 13397
-244 -1273 13397
-337 -1444 13330
-558 -1766 13457
-558 -1766 13457
-849 -2171 13485
-849 -2171 13485
-1430 -2365 13687
-1430 -2365 13687
-2102 -2643 14221
-2102 -2643 14221
-3024 -2630 14985
-3024 -2630 14985
-3677 -2278 15683
-4091 -1819 16432
-4091 -1819 16432
-4182 -1355 17158
-4182 -1355 17158
-4219 -947 17572
-4219 -947 17572
-4211 -372 17762
-4211 -372 17762
-4173 109 17593
-4191 328 17385
-4191 328 17385
-4222 387 17232
-4222 387 17232
-4266 280 16982
-4266 280 16982
-4344 75 16765
-4344 75 16765
-4399 -185 16617
-4399 -185 16617 -4399 1035 -3359 2062 12274 19196 -1682 -648 15735
-4356 -145 16179
-4356 -145 16179
-4281 71 15908
-4281 71 15908
-4254 120 15804
-4254 120 15804
-4331 -85 15854
-4331 -85 15854
-4313 -295 15817
-4283 -570 15614
-4283 -570 15614
-4127 -1115 15477
-4127 -1115 15477
-3993 -1483 15431
-3993 -1483 15431
-3965 -1501 15385
-3965 -1501 15385
-4153 -1105 15512
-4265 -762 15618
-4265 -762 15618
-4333 -611 15940
-4333 -611 15940
-4368 -488 16105
-4368 -488 16105
-4353 -205 16167
-4353 -205 16167
-4283 -25 15796
-4075 -9 15148
-4075 -9 15148
-3761 -184 14537
-3761 -184 14537
-3465 -387 14174
-3465 -387 14174
-3264 -729 13958
-2874 -1171 13689
-2874 -1171 13689
-2586 -1349 13594
-2586 -1349 13594
-2413 -1582 13629
-2413 -1582 13629
-2356 -1726 13649
-2356 -1726 13649
-2382 -1955 13923
-2547 -2152 14107
-2547 -2152 14107
-2649 -2326 14346
-2649 -2326 14346
-2679 -2527 14736
-2679 -2527 14736
-2692 -2706 15080
-2692 -2706 15080
-2664 -2852 15564
-2589 -2971 15789
-2589 -2971 15789
-2431 -3061 16210
-2431 -3061 16210
-2251 -3058 16735
-2251 -3058 16735
-1919 -2978 17347
-1919 -2978 17347
-1841 -2714 17832
-1853 -2290 18325
-1853 -2290 18325
-1726 -2033 18621
-1726 -2033 18621
-1311 -1740 18751
-1311 -1740 18751
-791 -1252 18724
-791 -1252 18724
-93 -734 18355
344 -30 17654
344 -30 17654
439 592 16872
439 592 16872
252 1006 15958
252 1006 15958
-31 1193 15300
-31 1193 15300
-328 1230 14799
-817 1162 14271
-817 1162 14271
-1250 1209 14244
-1250 1209 14244
-1764 1247 14159
-1764 1247 14159
-2361 1114 14215
-2361 1114 14215
-2893 891 14407
-3191 678 14424
-3191 678 14424
-3374 257 14342
-3374 257 14342
-3481 -427 14307
-3481 -427 14307
-3516 -1009 14333
-3516 -1009 14333
-3676 -1402 14764
-3762 -1685 15166
-3762 -1685 15166
-3806 -1802 15512
-3806 -1802 15512
-3968 -1780 16162
-3968 -1780 16162
-4040 -1676 16736
-4040 -1676 16736
-4003 -1627 17194
-3937 -1364 17755
-3937 -1364 17755
-3822 -940 18292
-3822 -940 18292
-3628 -542 18418
-3628 -542 18418
-3795 -227 18325
-3841 -128 18171
-3841 -128 18171
-3917 56 18108
-3917 56 18108
-3917 206 18057
-3917 206 18057
-3946 312 17879
-3946 312 17879
-3998 430 17723
-4050 622 17447
-4050 622 17447
-4057 801 17061
-4057 801 17061
-4080 915 16514
-4080 915 16514
-4032 933 16153
-4032 933 16153
-3950 888 15699
-3901 718 15076
-3901 718 15076
-3747 511 14856
-3747 511 14856
-3668 298 14488
-3668 298 14488
-3488 -32 14186
-3488 -32 14186
-3433 -473 14027
-3478 -1046 14167
-3478 -1046 14167
-3487 -1446 14330
-3487 -1446 14330
-3498 -1675 14580
-3498 -1675 14580
-3547 -1839 14713
-3547 -1839 14713
-3528 -1978 14948
-3530 -2061 15124
-3530 -2061 15124
-3500 -2110 15124
-3500 -2110 15124
-3473 -2138 15113
-3473 -2138 15113
-3510 -2208 15220
-3510 -2208 15220
-3542 -2146 15423
-3573 -2221 15521
-3573 -2221 15521
-3718 -2011 15657
-3718 -2011 15657
-3913 -1721 15533
-3913 -1721 15533
-3919 -1733 15553
-3919 -1733 15553
-3856 -1730 15370
-3856 -1730 15370
-3848 -1852 15623
-3925 -1857 15707
-3925 -1857 15707
-4009 -1772 16127
-4009 -1772 16127
-4105 -1658 16428
-4105 -1658 16428
-4170 -1502 16894
-4149 -1373 17230
-4149 -1373 17230
-4120 -1064 17739
-4120 -1064 17739
-3952 -733 18043
-3952 -733 18043
-3924 -562 18121
-3924 -562 18121
-3961 -385 18233
-3872 -137 18243
-3872 -137 18243
-3829 -28 18392
-3829 -28 18392
-3641 360 18405
-3641 360 18405
-3257 682 18404
-3257 682 18404
-2781 1019 18474
-2309 1327 18355
-2309 1327 18355
-1919 1639 18008
-1919 1639 18008
-1519 1889 17445
-1519 1889 17445
-1130 2030 16717
-1130 2030 16717
-648 1925 15877
-257 1618 15103
-257 1618 15103
66 1119 14539
66 1119 14539
279 561 14096
279 561 14096
400 -49 13852
400 -49 13852
514 -527 13923
688 -917 14111
688 -917 14111
770 -1185 14366
770 -1185 14366
805 -1527 14796
805 -1527 14796
907 -1597 15258
907 -1597 15258
899 -1568 15768
954 -1372 16192
954 -1372 16192
884 -1268 16370
884 -1268 16370
896 -1173 16543
896 -1173 16543
924 -1068 16597
924 -1068 16597
999 -974 16266
999 -974 16105
1037 -939 16105
1037 -939 16105 -4399 1037 -3359 2062 12274 19196 -1681 -648 15735
1003 -1061 15995
1003 -1061 15995
1023 -974 15966
1023 -974 15966
1018 -917 16238
1018 -917 16238
976 -868 16345
976 -868 16345
931 -744 16491
929 -457 16411
929 -457 16411
918 -182 16197
918 -182 16197
866 -36 15989
866 -36 15989
835 109 15747
835 109 15747
820 161 15481
690 153 15339
690 153 15339
652 190 15069
652 190 15069
649 18 14906
649 18 14906
686 -238 14884
686 -238 14884
633 -357 14650
541 -474 14505
541 -474 14505
350 -723 14104
350 -723 14104
48 -1151 13888
48 -1151 13888
-275 -1492 13855
-275 -1492 13855
-526 -1714 13777
-819 -2029 13810
-819 -2029 13810
-1272 -2358 14112
-1272 -2358 14112
-1763 -2858 14693
-1763 -2858 14693
-2197 -3038 15534
-2197 -3038 15534
-2631 -2993 16439
-2904 -2788 16977
-2904 -2788 16977
-3090 -2547 17457
-3090 -2547 17457
-3117 -2248 17888
-3117 -2248 17888
-3199 -1864 18184
-3199 -1864 18184
-3358 -1723 18180
-3358 -1723 18180
-3622 -1698 17898
-3811 -1768 17563
-3811 -1768 17563
-3935 -1760 17270
-3935 -1760 17270
-4058 -1580 17192
-4058 -1580 17192
-4214 -1429 17038
-4368 -1103 16699
-4368 -1103 16699
-4285 -1213 16267
-4285 -1213 16267
-4304 -1141 16104
-4304 -1141 16104
-4325 -763 15679
-4325 -763 15679
-4130 -411 15060
-4130 -155 14578
-3789 -233 14578
-3538 -269 14224
-3538 -269 14224
-3345 -379 14092
-3345 -379 14092
-3005 -327 13754
-3005 -327 13754
-2624 -246 13467
-2624 -246 13467
-2368 -319 13433
-2259 -376 13264
-2259 -376 13264
-2155 -373 13273
-2155 -373 13273
-2033 -418 13205
-2033 -418 13205
-1838 -489 13119
-1838 -489 13119
-1753 -616 13152
-1586 -683 13188
-1586 -683 13188
-1372 -597 13161
-1372 -597 13161
-972 -471 13109
-972 -471 13109
-672 -361 13164
-672 -361 13164
-385 -3 13404
-15 334 13768
-15 334 13768
503 200 14186
503 200 14186
951 -464 14767
951 -464 14767
1059 -1017 15434
1059 -1017 15434 -4399 1059 -3359 2062 12274 19196 -1670 -648 15735
1059 -1017 15434
911 -1521 15696
871 -1621 16079
871 -1621 16079
837 -1280 16810
837 -1280 16810
762 -766 17111
762 -766 17111
575 -131 17412
575 -131 17412
155 466 17768
-339 902 17919
-339 902 17919
-1016 1161 18277
-1016 1161 18277
-1847 1017 18575
-1847 1017 18575
-2493 606 18836
-2493 606 18836
-2870 443 18771
-2870 443 18771
-3100 274 18730
-3186 -172 18751
-3186 -172 18751
-3268 -731 18799
-3268 -731 18799
-3207 -1268 18713
-3207 -1268 18713
-3219 -1383 18562
-3219 -1383 18562
-3162 -1537 18541
-2982 -1692 18497
-2982 -1692 18497
-2588 -1831 18609
-2588 -1831 18609
-2329 -1960 18596
-2329 -1960 18596
-2114 -2125 18475
-2114 -2125 18475
-2179 -2318 18366
-2286 -2511 18106
-2286 -2511 18106
-2507 -2680 17697
-2507 -2680 17697
-2701 -2739 17180
-2701 -2739 17180
-2834 -2735 17134
-2834 -2735 17134
-2937 -2745 16861
-3070 -2696 16284
-3070 -2696 16284
-2996 -2788 16015
-2996 -2788 16015
-2857 -2842 15830
-2857 -2842 15830
-2590 -2935 15838
-2590 -2935 15838
-2389 -3017 15941
-2179 -2958 15216
-2179 -2958 15216
-1754 -2377 14073
-1754 -2377 14073
-1768 -1431 13284
-1768 -1431 13284
-2024 -224 13206
-2024 -224 13206
-2232 783 13742
-2264 1391 14369
-2264 1391 14369
-2129 1663 14709
-2129 1663 14709
-2286 1791 15260
-2286 1791 15260
-2367 1951 15570
-2367 1951 15570
-2303 1999 15959
-2217 1948 16985
-2217 1948 16985
-1949 1517 17897
-1949 1517 17897
-1735 988 18538
-1735 988 18538
-1720 290 19015
-1720 290 19015
-1714 -566 19036
-1682 -1436 18950
-1682 -1436 18950
-1617 -2058 18548
-1617 -2058 18548
-1466 -2579 18073
-1466 -2579 18073
-1289 -2949 17303
-1289 -2949 17303
-1277 -3127 16601
-1374 -3186 16062
-1374 -3186 16062
-1631 -3120 15442
-1631 -3120 15442
-1903 -2820 14668
-1903 -2820 14668
-1963 -2608 14359
-1893 -2550 14313
-1893 -2550 14313
-1994 -2299 14077
-1994 -2299 14077
-1916 -2114 13885
-1916 -2114 13885
-1746 -1753 13480
-1746 -1753 13480
-1518 -1345 13269
-1518 -1345 13269
-1301 -1077 13160
-1063 -1003 13133
-1063 -1003 13133
-768 -655 13291
-768 -655 13291
-448 -458 13418
-448 -458 13418
-391 -401 13386
-647 -426 13314
-515 -426 13314
-635 -543 13162
-635 -543 13162
-760 -588 13098
-760 -588 13098
-735 -520 13092
-735 -520 13092
-634 -252 13077
-634 -252 13077
-450 -24 13107
-499 136 13012
-499 136 13012
-675 -141 12860
-675 -141 12860
-804 -97 12828
-804 -97 12828
-647 -113 12842
-647 -113 12842
-601 -225 12816
-601 -225 12816
-371 -385 12697
-197 -432 12655
-197 -432 12655
-290 -413 12594
-290 -413 12594
-637 -317 12515
-637 -317 12515
-928 -265 12543
-1013 -195 12671
-1013 -195 12671
-1187 -247 12546
-1187 -247 12546
-1393 -310 12582
-1393 -310 12582
-1610 -219 12579
-1610 -219 12579
-1908 -162 12635
-2215 52 12739
-2215 52 12739
-2286 281 12762
-2286 281 12762
-2128 515 12762
-2128 515 12762
-1877 466 12528
-1877 466 12528
-1693 491 12474
-1693 491 12474
-1482 538 12447
-1406 628 12435
-1406 628 12435
-1283 460 12434
-1283 460 12434
-1367 353 12312
-1367 353 12312
-1529 443 12393
-1529 443 12393
-1635 554 12329
-1668 590 12338
-1668 590 12338
-1590 470 12354
-1590 470 12354
-1649 553 12455
-1649 553 12455
-1633 546 12373
-1633 546 12373
-1629 547 12471
-1658 563 12345
-1658 563 12345
-1604 486 12350
-1604 486 12350
-1609 494 12321
-1609 494 12321
-1623 510 12352
-1623 510 12352
-1640 483 12425
-1563 469 12329
-1563 469 12329
-1510 481 12288
-1510 481 12288
-1472 441 12310
-1472 441 12310
-1438 443 12361
-1438 443 12361
-1459 485 12351
-1490 521 12310
-1490 521 12310
-1497 493 12334
-1497 493 12334
-1512 507 12463
-1512 507 12463
-1481 521 12425
-1481 521 12425
-1493 494 12407
-1538 470 12305
-1538 470 12305
-1513 448 12385
-1513 448 12385
-1511 521 12349
-1511 521 12349
-1526 506 12356
-1526 506 12356
-1474 513 12318
-1475 529 12297
-1475 529 12297
-1487 530 12307
-1487 530 12307
-1494 520 12324
-1494 520 12324
-1505 490 12271
-1505 490 12271 -4399 1059 -3359 2062 12271 19196 -1670 -648 15733
-1505 490 12271
-1521 478 12368
-1506 527 12334
-1506 527 12334
-1532 504 12353
-1532 504 12353
-1484 463 12361
-1484 463 12361
-1473 497 12362
-1524 471 12322
-1524 471 12322
-1490 504 12318
-1490 504 12318
-1540 495 12353
-1540 495 12353
-1515 510 12415
-1515 510 12415
-1555 519 12447
-1555 533 12416
-1502 533 12416
-1502 480 12348
-1502 480 12348
-1488 520 12427
-1488 520 12427
-1493 512 12350
-1493 512 12350
-1500 466 12291
-1500 466 12291
-1458 487 12379
-1478 457 12335
-1478 457 12335
-1473 469 12318
-1473 469 12318
-1458 455 12314
-1458 455 12314
-1447 440 12351
-1447 440 12351
-1423 460 12335
-1423 467 12335
-1423 467 12335
-1477 469 12434
-1477 469 12434
-1407 402 12335
-1407 402 12335
-1388 401 12359
-1388 401 12359
-1436 422 12360
-1436 422 12360
-1460 469 12416
-1449 411 12389
-1449 411 12389
-1383 387 12386
-1383 387 12386
-1376 411 12314
-1376 411 12314
-1433 439 12402
-1433 439 12402
-1429 426 12335
-1434 440 12321
-1434 440 12321
-1437 418 12356
-1437 418 12356
-1418 408 12339
-1418 408 12339
-1374 389 12308
-1399 381 12335
-1399 381 12335
-1461 395 12276
-1461 395 12276
-1496 418 12322
-1496 418 12322
-1622 505 12289
-1622 505 12289
-1581 492 12313
-1634 485 12285
-1634 485 12285
-1619 468 12358
-1619 468 12358
-1617 512 12376
-1617 512 12376
-1628 497 12351
-1628 497 12351
-1643 491 12324
-1637 517 12331
-1637 517 12331
-1640 524 12264
-1640 524 12264 -4399 1059 -3359 2062 12264 19196 -1670 -648 15730
-1640 524 12264
-1635 493 12334
-1635 493 12334
-1603 493 12297
-1603 493 12297
-1602 485 12442
-1602 485 12442
-1611 497 12293
-1636 501 12298
-1636 501 12298
-1642 505 12303
-1642 505 12303
-1626 540 12384
-1626 540 12384
-1605 500 12339
-1623 499 12302
-1623 499 12302
-1613 505 12325
-1613 505 12325
-1588 499 12346
-1588 499 12346
-1615 508 12382
-1615 508 12382
-1682 492 12438
-1682 492 12438
-1625 523 12400
-1600 500 12386
-1600 500 12386
-1618 509 12296
-1618 509 12296
-1618 476 12381
-1618 476 12381
-1614 523 12364
-1615 511 12312
-1615 511 12312
-1634 518 12281
-1634 518 12281
-1642 510 12308
-1642 510 12308
-1662 525 12301
-1662 525 12301
-1619 521 12300
-1600 509 12438
-1600 509 12438
-1639 515 12334
-1639 515 12334
-1659 520 12435
-1659 520 12435
-1617 539 12377
-1617 539 12391
-1595 513 12391
-1607 506 12281
-1607 506 12281
-1602 534 12297
-1602 534 12297
-1616 501 12337
-1616 501 12337
-1639 478 12388
-1595 500 12283
-1595 500 12283
-1653 484 12372
-1653 484 12372
-1648 508 12320
-1648 508 12320
-1633 496 12316
-1633 496 12316
-1632 455 12311
-1621 491 12355
-1621 491 12355
-1591 498 12349
-1591 498 12349
-1634 519 12423
-1634 519 12423
-1637 485 12320
-1637 485 12320
-1573 473 12279
-1648 485 12415
-1648 485 12415
-1655 476 12354
-1655 476 12354
-1655 506 12342
-1655 506 12342
-1638 494 12375
-1638 496 12384
-1644 496 12384
-1661 473 12324
-1661 473 12324
-1615 495 12410
-1615 495 12410
-1590 495 12345
-1590 495 12345
-1613 480 12377
-1613 480 12373
-1634 525 12373
-1635 522 12347
-1635 522 12347
-1600 520 12390
-1600 520 12390
-1632 526 12372
-1632 526 12372
-1636 513 12307
-1636 513 12307
-1633 472 12284
-1631 511 12307
-1631 511 12307
-1646 505 12325
-1646 505 12325
-1622 514 12321
-1622 514 12321
-1658 517 12326
-1643 489 12225
-1643 489 12225 -4399 1059 -3359 2062 12225 19196 -1670 -648 15710
-1643 489 12225
-1636 523 12283
-1636 523 12283
-1652 476 12297
-1652 476 12297
-1628 480 12290
-1628 480 12290
-1608 549 12299
-1651 503 12364
-1651 503 12364
-1630 508 12287
-1630 508 12287
-1656 486 12387
-1656 486 12387
-1604 479 12358
-1604 479 12358
-1623 500 12355
-1623 500 12355
-1622 529 12317
-1610 507 12348
-1610 507 12348
-1618 491 12415
-1618 491 12415
-1627 488 12363
-1627 488 12363
-1613 487 12374
-1613 487 12374
-1614 490 12376
-1632 505 12308
-1632 505 12308
-1617 474 12386
-1617 474 12386
-1637 531 12302
-1637 531 12302
-1591 517 12343
-1578 514 12300
-1578 514 12300
-1608 505 12393
-1608 505 12393
-1614 488 12412
-1614 488 12412
-1586 540 12361
-1586 540 12361
-1610 522 12350
-1628 518 12370
-1628 518 12370
-1627 498 12344
-1627 498 12344
-1609 493 12307
-1609 493 12307
-1608 523 12338
-1608 523 12338
-1611 550 12405
-1610 541 12343
-1610 541 12343
-1666 538 12363
-1666 538 12363
-1625 495 12425
-1625 495 12425
-1607 528 12296
-1607 528 12296
-1618 503 12280
-1618 503 12280
-1601 523 12317
-1630 512 12281
-1630 512 12281
-1622 489 12322
-1622 489 12322
-1614 501 12374
-1614 501 12374
-1594 479 12403
